          10   1.76706028E-08   0.00000000      -17.8513641            -Infinity
          20   1.77471335E-08   0.00000000      -17.8470421            -Infinity
          30   3.39988553E-08   0.00000000      -17.1969395            -Infinity
          40   2.82055606E-08   0.00000000      -17.3837471            -Infinity
          50   4.54692390E-08   0.00000000      -16.9062290            -Infinity
          60   4.34512479E-08   0.00000000      -16.9516258            -Infinity
          70   4.50170781E-08   0.00000000      -16.9162235            -Infinity
          80   5.57195960E-08   0.00000000      -16.7029343            -Infinity
          90   4.97952151E-08   0.00000000      -16.8153477            -Infinity
         100   5.32580415E-08   0.00000000      -16.7481174            -Infinity
         110   6.31965023E-08   0.00000000      -16.5770168            -Infinity
         120   6.44052918E-08   0.00000000      -16.5580692            -Infinity
         130   6.03895245E-08   0.00000000      -16.6224499            -Infinity
         140   6.26837462E-08   0.00000000      -16.5851631            -Infinity
         150   6.82596522E-08   0.00000000      -16.4999466            -Infinity
         160   7.52651559E-08   0.00000000      -16.4022484            -Infinity
         170   7.39910675E-08   0.00000000      -16.4193211            -Infinity
         180   8.01614206E-08   0.00000000      -16.3392239            -Infinity
         190   6.84202561E-08   0.00000000      -16.4975967            -Infinity
         200   7.77803351E-08   4.00000019E-03  -16.3693771      -5.52146101    
         210   7.69481119E-08   0.00000000      -16.3801346            -Infinity
         220   8.50208863E-08   0.00000000      -16.2803688            -Infinity
         230   9.49392032E-08   0.00000000      -16.1700287            -Infinity
         240   8.32172304E-08   0.00000000      -16.3018112            -Infinity
         250   9.12203859E-08   0.00000000      -16.2099876            -Infinity
         260   9.10498557E-08   4.00000019E-03  -16.2118587      -5.52146101    
         270   1.00185460E-07   0.00000000      -16.1162434            -Infinity
         280   8.17274781E-08   0.00000000      -16.3198757            -Infinity
         290   7.98493716E-08   0.00000000      -16.3431244            -Infinity
         300   1.00692887E-07   3.99999972E-03  -16.1111908      -5.52146101    
         310   1.00910377E-07   0.00000000      -16.1090336            -Infinity
         320   9.65759028E-08   0.00000000      -16.1529369            -Infinity
         330   1.02885956E-07   4.00000066E-03  -16.0896454      -5.52146053    
         340   1.05718193E-07   0.00000000      -16.0624886            -Infinity
         350   1.04089530E-07   0.00000000      -16.0780144            -Infinity
         360   1.07191468E-07   3.99999879E-03  -16.0486488      -5.52146101    
         370   1.08845008E-07   0.00000000      -16.0333405            -Infinity
         380   1.12231405E-07   4.00000066E-03  -16.0027027      -5.52146053    
         390   1.09408830E-07   0.00000000      -16.0281734            -Infinity
         400   1.22804181E-07   3.99999879E-03  -15.9126749      -5.52146101    
         410   1.13522262E-07   0.00000000      -15.9912672            -Infinity
         420   1.22768185E-07   4.00000252E-03  -15.9129677      -5.52146006    
         430   1.06673916E-07   3.99999693E-03  -16.0534897      -5.52146149    
         440   1.20540989E-07   0.00000000      -15.9312763            -Infinity
         450   1.22690793E-07   4.00000066E-03  -15.9135981      -5.52146053    
         460   1.15480162E-07   4.00000066E-03  -15.9741669      -5.52146053    
         470   1.25223380E-07   0.00000000      -15.8931665            -Infinity
         480   1.22831651E-07   4.00000066E-03  -15.9124508      -5.52146053    
         490   1.29155353E-07   4.00000066E-03  -15.8622503      -5.52146053    
         500   1.34954220E-07   3.99999693E-03  -15.8183298      -5.52146149    
         510   1.14114634E-07   0.00000000      -15.9860620            -Infinity
         520   1.18382353E-07   0.00000000      -15.9493465            -Infinity
         530   1.18751146E-07   4.00000438E-03  -15.9462357      -5.52146006    
         540   1.20578420E-07   3.99999321E-03  -15.9309654      -5.52146244    
         550   1.26215767E-07   8.00000131E-03  -15.8852730      -4.82831335    
         560   1.14530145E-07   4.00000066E-03  -15.9824276      -5.52146053    
         570   1.36516476E-07   4.00000066E-03  -15.8068209      -5.52146053    
         580   1.38670799E-07   4.00000066E-03  -15.7911634      -5.52146053    
         590   1.34717240E-07   4.00000066E-03  -15.8200874      -5.52146053    
         600   1.37393215E-07   4.00000066E-03  -15.8004189      -5.52146053    
         610   1.43851949E-07   4.00000066E-03  -15.7544813      -5.52146053    
         620   1.40351759E-07   7.99999386E-03  -15.7791138      -4.82831430    
         630   1.34079215E-07   4.00000066E-03  -15.8248348      -5.52146053    
         640   1.31936673E-07   8.00000131E-03  -15.8409433      -4.82831335    
         650   1.31516686E-07   8.00000131E-03  -15.8441324      -4.82831335    
         660   1.32409795E-07   8.00000131E-03  -15.8373642      -4.82831335    
         670   1.50280869E-07   3.99999321E-03  -15.7107601      -5.52146244    
         680   1.43527927E-07   8.00000131E-03  -15.7567358      -4.82831335    
         690   1.34354011E-07   8.00000131E-03  -15.8227873      -4.82831335    
         700   1.31134300E-07   8.00000131E-03  -15.8470440      -4.82831335    
         710   1.37038128E-07   8.00000131E-03  -15.8030062      -4.82831335    
         720   1.59014334E-07   8.00000131E-03  -15.6542711      -4.82831335    
         730   1.35596736E-07   8.00000131E-03  -15.8135805      -4.82831335    
         740   1.52317114E-07   8.00000131E-03  -15.6973009      -4.82831335    
         750   1.58783465E-07   1.19999945E-02  -15.6557245      -4.42284918    
         760   1.48748995E-07   8.00000131E-03  -15.7210054      -4.82831335    
         770   1.52187567E-07   1.19999945E-02  -15.6981525      -4.42284918    
         780   1.59928859E-07   1.20000094E-02  -15.6485367      -4.42284775    
         790   1.64580243E-07   1.20000094E-02  -15.6198673      -4.42284775    
         800   1.48766929E-07   1.19999945E-02  -15.7208853      -4.42284918    
         810   1.60771791E-07   1.20000243E-02  -15.6432800      -4.42284679    
         820   1.58542690E-07   1.60000026E-02  -15.6572418      -4.13516617    
         830   1.74676359E-07   1.59999728E-02  -15.5603313      -4.13516808    
         840   1.57287388E-07   1.60000026E-02  -15.6651917      -4.13516617    
         850   1.49775744E-07   1.60000026E-02  -15.7141266      -4.13516617    
         860   1.66224311E-07   1.60000026E-02  -15.6099281      -4.13516617    
         870   1.64452601E-07   2.00000107E-02  -15.6206436      -3.91202259    
         880   1.68283606E-07   1.60000026E-02  -15.5976152      -4.13516617    
         890   1.64613326E-07   1.99999809E-02  -15.6196671      -3.91202402    
         900   1.54448031E-07   2.00000107E-02  -15.6834078      -3.91202259    
         910   1.54195575E-07   2.00000107E-02  -15.6850443      -3.91202259    
         920   1.75832298E-07   1.99999809E-02  -15.5537348      -3.91202402    
         930   1.82593212E-07   2.00000107E-02  -15.5160046      -3.91202259    
         940   1.56249314E-07   1.59999728E-02  -15.6718130      -4.13516808    
         950   1.76156618E-07   1.20000243E-02  -15.5518923      -4.42284679    
         960   1.66194212E-07   1.59999728E-02  -15.6101084      -4.13516808    
         970   1.83338443E-07   1.60000324E-02  -15.5119324      -4.13516474    
         980   1.65623234E-07   1.59999728E-02  -15.6135502      -4.13516808    
         990   1.80672444E-07   1.20000243E-02  -15.5265799      -4.42284679    
        1000   1.68506119E-07   1.59999728E-02  -15.5962934      -4.13516808    
        1010   1.74133660E-07   1.60000324E-02  -15.5634422      -4.13516474    
        1020   1.84781726E-07   1.99999809E-02  -15.5040903      -3.91202402    
        1030   1.85118992E-07   1.60000324E-02  -15.5022669      -4.13516474    
        1040   1.65587963E-07   1.59999728E-02  -15.6137629      -4.13516808    
        1050   1.70328931E-07   1.59999728E-02  -15.5855341      -4.13516808    
        1060   1.81033187E-07   2.00000405E-02  -15.5245857      -3.91202092    
        1070   1.89581357E-07   1.99999809E-02  -15.4784479      -3.91202402    
        1080   1.96875249E-07   2.39999890E-02  -15.4406958      -3.72970200    
        1090   1.96482532E-07   2.00000405E-02  -15.4426928      -3.91202092    
        1100   1.91826885E-07   2.39999890E-02  -15.4666729      -3.72970200    
        1110   1.90520240E-07   2.39999890E-02  -15.4735069      -3.72970200    
        1120   2.00779525E-07   2.39999890E-02  -15.4210587      -3.72970200    
        1130   1.96597838E-07   3.20000052E-02  -15.4421053      -3.44201922    
        1140   2.00479420E-07   2.39999890E-02  -15.4225540      -3.72970200    
        1150   1.85259822E-07   2.79999971E-02  -15.5015068      -3.57555079    
        1160   1.79526779E-07   2.79999971E-02  -15.5329418      -3.57555079    
        1170   1.71589249E-07   2.79999971E-02  -15.5781622      -3.57555079    
        1180   1.94226828E-07   3.20000052E-02  -15.4542389      -3.44201922    
        1190   1.98936789E-07   1.99999809E-02  -15.4302788      -3.91202402    
        1200   1.98558297E-07   1.99999809E-02  -15.4321833      -3.91202402    
        1210   1.91921785E-07   2.40000486E-02  -15.4661779      -3.72969937    
        1220   1.83124442E-07   2.40000486E-02  -15.5130997      -3.72969937    
        1230   2.04067661E-07   1.99999809E-02  -15.4048138      -3.91202402    
        1240   2.01759846E-07   1.99999809E-02  -15.4161873      -3.91202402    
        1250   1.80191932E-07   2.40000486E-02  -15.5292435      -3.72969937    
        1260   2.03136153E-07   2.40000486E-02  -15.4093895      -3.72969937    
        1270   2.05488050E-07   2.79999971E-02  -15.3978777      -3.57555079    
        1280   1.78975398E-07   3.59998941E-02  -15.5360174      -3.32423925    
        1290   2.04938772E-07   2.80001163E-02  -15.4005547      -3.57554650    
        1300   2.06615852E-07   2.79998779E-02  -15.3924046      -3.57555509    
        1310   1.89401064E-07   2.80001163E-02  -15.4793987      -3.57554650    
        1320   2.14534907E-07   2.39999294E-02  -15.3547935      -3.72970438    
        1330   1.88869066E-07   2.80001163E-02  -15.4822121      -3.57554650    
        1340   2.16425590E-07   2.79999971E-02  -15.3460188      -3.57555079    
        1350   2.03253819E-07   3.19999456E-02  -15.4088106      -3.44202113    
        1360   2.09856069E-07   3.20000648E-02  -15.3768444      -3.44201732    
        1370   2.06022591E-07   3.60000134E-02  -15.3952799      -3.32423592    
        1380   2.06359005E-07   3.19999456E-02  -15.3936481      -3.44202113    
        1390   2.06076606E-07   2.79999971E-02  -15.3950176      -3.57555079    
        1400   2.10821668E-07   2.79999971E-02  -15.3722534      -3.57555079    
        1410   2.10375148E-07   2.79998779E-02  -15.3743734      -3.57555509    
        1420   2.14386461E-07   3.20000648E-02  -15.3554859      -3.44201732    
        1430   2.02929442E-07   2.79999971E-02  -15.4104071      -3.57555079    
        1440   2.18794739E-07   3.19999456E-02  -15.3351316      -3.44202113    
        1450   1.98161615E-07   3.20000648E-02  -15.4341831      -3.44201732    
        1460   2.15806210E-07   3.19999456E-02  -15.3488846      -3.44202113    
        1470   1.92268772E-07   3.60000134E-02  -15.4643717      -3.32423592    
        1480   2.23508593E-07   3.19999456E-02  -15.3138161      -3.44202113    
        1490   2.16878973E-07   3.20000648E-02  -15.3439264      -3.44201732    
        1500   2.12189676E-07   3.60000134E-02  -15.3657856      -3.32423592    
        1510   2.28291142E-07   3.60000134E-02  -15.2926445      -3.32423592    
        1520   1.98911565E-07   3.60000134E-02  -15.4304056      -3.32423592    
        1530   2.24405539E-07   3.60000134E-02  -15.3098106      -3.32423592    
        1540   2.21110554E-07   3.99999619E-02  -15.3246031      -3.21887684    
        1550   2.01814629E-07   3.99999619E-02  -15.4159164      -3.21887684    
        1560   2.28616784E-07   3.99999619E-02  -15.2912188      -3.21887684    
        1570   2.18561169E-07   3.60000134E-02  -15.3361998      -3.32423592    
        1580   2.12963627E-07   3.60000134E-02  -15.3621445      -3.32423592    
        1590   2.27830043E-07   3.99999619E-02  -15.2946663      -3.21887684    
        1600   2.23599855E-07   5.59999943E-02  -15.3134079      -2.88240361    
        1610   2.13042938E-07   4.00002003E-02  -15.3617725      -3.21887088    
        1620   2.33626110E-07   3.99999619E-02  -15.2695436      -3.21887684    
        1630   2.24993713E-07   3.99999619E-02  -15.3071938      -3.21887684    
        1640   2.07911356E-07   3.99999619E-02  -15.3861542      -3.21887684    
        1650   2.33110470E-07   3.99999619E-02  -15.2717533      -3.21887684    
        1660   2.32391756E-07   4.40001488E-02  -15.2748413      -3.12356234    
        1670   2.11163325E-07   3.99999619E-02  -15.3706341      -3.21887684    
        1680   2.28678488E-07   4.39999104E-02  -15.2909489      -3.12356758    
        1690   2.38293481E-07   4.39999104E-02  -15.2497625      -3.12356758    
        1700   2.25523635E-07   4.80000973E-02  -15.3048410      -3.03655219    
        1710   2.10074333E-07   4.39999104E-02  -15.3758039      -3.12356758    
        1720   2.34535918E-07   4.80000973E-02  -15.2656574      -3.03655219    
        1730   2.43242710E-07   4.80000973E-02  -15.2292061      -3.03655219    
        1740   2.29816678E-07   4.39999104E-02  -15.2859840      -3.12356758    
        1750   2.18551705E-07   4.80000973E-02  -15.3362436      -3.03655219    
        1760   2.43151590E-07   4.79998589E-02  -15.2295809      -3.03655720    
        1770   2.43879668E-07   4.79998589E-02  -15.2265911      -3.03655720    
        1780   2.32503893E-07   4.80003357E-02  -15.2743587      -3.03654718    
        1790   2.13930264E-07   4.79998589E-02  -15.3576155      -3.03655720    
        1800   2.42411119E-07   4.79998589E-02  -15.2326307      -3.03655720    
        1810   2.46774334E-07   4.80000973E-02  -15.2147913      -3.03655219    
        1820   2.40098302E-07   5.20000458E-02  -15.2422171      -2.95651078    
        1830   2.14301522E-07   4.80000973E-02  -15.3558817      -3.03655219    
        1840   2.36997863E-07   5.19998074E-02  -15.2552147      -2.95651531    
        1850   2.48933503E-07   5.20000458E-02  -15.2060804      -2.95651078    
        1860   2.46953590E-07   5.20000458E-02  -15.2140656      -2.95651078    
        1870   2.35830868E-07   5.59999943E-02  -15.2601509      -2.88240361    
        1880   2.17646061E-07   5.20000458E-02  -15.3403959      -2.95651078    
        1890   2.41093204E-07   5.59999943E-02  -15.2380819      -2.88240361    
        1900   2.54095028E-07   5.19998074E-02  -15.1855574      -2.95651531    
        1910   2.52119918E-07   5.60002327E-02  -15.1933613      -2.88239932    
        1920   2.42012078E-07   7.99999237E-02  -15.2342787      -2.52572966    
        1930   2.18972929E-07   5.59999943E-02  -15.3343182      -2.88240361    
        1940   2.44181336E-07   5.59999943E-02  -15.2253551      -2.88240361    
        1950   2.54581749E-07   5.59997559E-02  -15.1836443      -2.88240790    
        1960   2.57865651E-07   5.60002327E-02  -15.1708269      -2.88239932    
        1970   2.52414338E-07   5.59997559E-02  -15.1921940      -2.88240790    
        1980   2.37062352E-07   5.99999428E-02  -15.2549429      -2.81341171    
        1990   2.29416827E-07   5.99999428E-02  -15.2877254      -2.81341171    
        2000   2.50901252E-07   6.00004196E-02  -15.1982059      -2.81340361    
        2010   2.59505470E-07   5.99999428E-02  -15.1644878      -2.81341171    
        2020   2.60781377E-07   5.99999428E-02  -15.1595831      -2.81341171    
        2030   2.54204821E-07   5.99999428E-02  -15.1851254      -2.81341171    
        2040   2.40188115E-07   6.40001297E-02  -15.2418432      -2.74887013    
        2050   2.27044467E-07   7.59997368E-02  -15.2981195      -2.57702541    
        2060   2.46281587E-07   5.99999428E-02  -15.2167902      -2.81341171    
        2070   2.63155385E-07   5.99999428E-02  -15.1505213      -2.81341171    
        2080   2.67126836E-07   7.59997368E-02  -15.1355419      -2.57702541    
        2090   2.59987530E-07   6.80003166E-02  -15.1626320      -2.68824291    
        2100   2.54102844E-07   6.39996529E-02  -15.1855268      -2.74887753    
        2110   2.40150086E-07   6.80003166E-02  -15.2420015      -2.68824291    
        2120   2.37637337E-07   6.79998398E-02  -15.2525206      -2.68824983    
        2130   2.57420822E-07   6.79998398E-02  -15.1725540      -2.68824983    
        2140   2.64272558E-07   6.80003166E-02  -15.1462851      -2.68824291    
        2150   2.68828302E-07   6.79998398E-02  -15.1291933      -2.68824983    
        2160   2.73150590E-07   6.79998398E-02  -15.1132421      -2.68824983    
        2170   2.62726502E-07   7.20000267E-02  -15.1521521      -2.63108873    
        2180   2.45765108E-07   7.20000267E-02  -15.2188892      -2.63108873    
        2190   2.34450752E-07   7.20000267E-02  -15.2660198      -2.63108873    
        2200   2.52831882E-07   7.20000267E-02  -15.1905413      -2.63108873    
        2210   2.68275329E-07   7.20000267E-02  -15.1312523      -2.63108873    
        2220   2.73171622E-07   7.20000267E-02  -15.1131659      -2.63108873    
        2230   2.75611399E-07   7.59997368E-02  -15.1042738      -2.57702541    
        2240   2.71216209E-07  0.112000465      -15.1203499      -2.18925214    
        2250   2.67104127E-07   7.59997368E-02  -15.1356268      -2.57702541    
        2260   2.56786848E-07   7.59997368E-02  -15.1750193      -2.57702541    
        2270   2.38795224E-07   7.60002136E-02  -15.2476597      -2.57701921    
        2280   2.52019873E-07   7.60002136E-02  -15.1937580      -2.57701921    
        2290   2.64990518E-07   7.99999237E-02  -15.1435719      -2.52572966    
        2300   2.77065567E-07   7.59997368E-02  -15.0990114      -2.57702541    
        2310   2.79451712E-07   7.60002136E-02  -15.0904360      -2.57701921    
        2320   2.84233153E-07   7.99999237E-02  -15.0734711      -2.52572966    
        2330   2.77623684E-07   8.39996338E-02  -15.0969992      -2.47694278    
        2340   2.67170890E-07   8.00004005E-02  -15.1353769      -2.52572370    
        2350   2.57813156E-07   8.39996338E-02  -15.1710310      -2.47694278    
        2360   2.49134246E-07   8.00004005E-02  -15.2052736      -2.52572370    
        2370   2.50352741E-07   9.20000076E-02  -15.2003946      -2.38596654    
        2380   2.64244619E-07   8.40001106E-02  -15.1463909      -2.47693729    
        2390   2.77743510E-07   8.40001106E-02  -15.0965681      -2.47693729    
        2400   2.84848369E-07  0.115999699      -15.0713091      -2.15416765    
        2410   2.82818405E-07   8.40001106E-02  -15.0784607      -2.47693729    
        2420   2.84876990E-07   8.79998207E-02  -15.0712080      -2.43042040    
        2430   2.85721370E-07   8.80002975E-02  -15.0682487      -2.43041515    
        2440   2.75883139E-07   8.79998207E-02  -15.1032887      -2.43042040    
        2450   2.65845387E-07   9.20000076E-02  -15.1403513      -2.38596654    
        2460   2.57381231E-07   8.79998207E-02  -15.1727076      -2.43042040    
        2470   2.49447936E-07   9.60001945E-02  -15.2040157      -2.34340501    
        2480   2.62930939E-07   9.19995308E-02  -15.1513748      -2.38597178    
        2490   2.75655793E-07   9.20000076E-02  -15.1041126      -2.38596654    
        2500   2.81816369E-07   9.20000076E-02  -15.0820103      -2.38596654    
        2510   2.91058910E-07   9.59997177E-02  -15.0497398      -2.34341002    
        2520   2.92531723E-07   9.59997177E-02  -15.0446930      -2.34341002    
        2530   2.93750645E-07   9.60006714E-02  -15.0405350      -2.34340000    
        2540   2.92854736E-07   9.59997177E-02  -15.0435896      -2.34341002    
        2550   2.89118759E-07   9.59997177E-02  -15.0564280      -2.34341002    
        2560   2.78385443E-07  0.239999771      -15.0942593      -1.42711735    
        2570   2.71061083E-07  0.136000633      -15.1209221      -1.99509573    
        2580   2.64253515E-07   9.99994278E-02  -15.1463566      -2.30259085    
        2590   2.57252424E-07  0.100000381      -15.1732082      -2.30258131    
        2600   2.67864209E-07  0.100000381      -15.1327858      -2.30258131    
        2610   2.80096032E-07   9.99994278E-02  -15.0881329      -2.30259085    
        2620   2.88366209E-07  0.104000092      -15.0590343      -2.26336360    
        2630   2.90940562E-07  0.104000092      -15.0501471      -2.26336360    
        2640   2.99762661E-07  0.104000092      -15.0202751      -2.26336360    
        2650   3.01414047E-07  0.107999802      -15.0147810      -2.22562599    
        2660   3.02047681E-07  0.104000092      -15.0126810      -2.26336360    
        2670   2.96449059E-07  0.128000259      -15.0313902      -2.05572295    
        2680   3.01751101E-07  0.107999802      -15.0136633      -2.22562599    
        2690   2.92433953E-07  0.107999802      -15.0450268      -2.22562599    
        2700   2.85617830E-07  0.107999802      -15.0686111      -2.22562599    
        2710   2.78721302E-07  0.107999802      -15.0930538      -2.22562599    
        2720   2.67813078E-07  0.164000511      -15.1329765      -1.80788577    
        2730   2.63884544E-07  0.147999763      -15.1477537      -1.91054463    
        2740   2.76462316E-07  0.112000465      -15.1011915      -2.18925214    
        2750   2.84771772E-07  0.116000175      -15.0715780      -2.15416360    
        2760   2.91279576E-07  0.111999512      -15.0489826      -2.18926072    
        2770   2.96099671E-07  0.116000175      -15.0325699      -2.15416360    
        2780   3.03435996E-07  0.116000175      -15.0080948      -2.15416360    
        2790   3.09243546E-07  0.119999886      -14.9891367      -2.12026453    
        2800   3.06175053E-07  0.116000175      -14.9991093      -2.15416360    
        2810   3.06121507E-07  0.116000175      -14.9992838      -2.15416360    
        2820   3.08353918E-07  0.119999886      -14.9920177      -2.12026453    
        2830   3.03753268E-07  0.156000137      -15.0070505      -1.85789835    
        2840   3.02604661E-07  0.119999886      -15.0108385      -2.12026453    
        2850   2.99814332E-07  0.119999886      -15.0201025      -2.12026453    
        2860   2.95568611E-07  0.124000549      -15.0343647      -2.08746934    
        2870   2.84451005E-07  0.123999596      -15.0727053      -2.08747697    
        2880   2.82681327E-07  0.184000015      -15.0789452      -1.69281948    
        2890   2.77112946E-07  0.123999596      -15.0988407      -2.08747697    
        2900   2.76684744E-07  0.128000259      -15.1003866      -2.05572295    
        2910   2.83550008E-07  0.136000633      -15.0758772      -1.99509573    
        2920   2.93086401E-07  0.127999306      -15.0427980      -2.05573034    
        2930   2.99097280E-07  0.156000137      -15.0224972      -1.85789835    
        2940   3.03324470E-07  0.131999969      -15.0084629      -2.02495360    
        2950   3.07520651E-07  0.131999969      -14.9947233      -2.02495360    
        2960   3.13533945E-07  0.131999969      -14.9753580      -2.02495360    
        2970   3.15388718E-07  0.144000053      -14.9694595      -1.93794155    
        2980   3.15507492E-07  0.136000633      -14.9690838      -1.99509573    
        2990   3.15187975E-07  0.135999680      -14.9700966      -1.99510276    
        3000   3.17978760E-07  0.135999680      -14.9612808      -1.99510276    
        3010   3.16512711E-07  0.135999680      -14.9659023      -1.99510276    
        3020   3.12311215E-07  0.140000343      -14.9792652      -1.96611035    
        3030   3.10757372E-07  0.140000343      -14.9842529      -1.96611035    
        3040   3.07202953E-07  0.203999519      -14.9957571      -1.58963764    
        3050   3.01126903E-07  0.140000343      -15.0157337      -1.96611035    
        3060   2.99494445E-07  0.140000343      -15.0211697      -1.96611035    
        3070   2.94589142E-07  0.171999931      -15.0376844      -1.76026118    
        3080   2.88122550E-07  0.140000343      -15.0598803      -1.96611035    
        3090   2.84893190E-07  0.159999847      -15.0711517      -1.83258247    
        3100   2.85160894E-07  0.147999763      -15.0702124      -1.91054463    
        3110   2.94314901E-07  0.152000427      -15.0386152      -1.88387191    
        3120   3.00316231E-07  0.152000427      -15.0184298      -1.88387191    
        3130   3.02741256E-07  0.147998810      -15.0103874      -1.91055107    
        3140   3.11936788E-07  0.148000717      -14.9804649      -1.91053820    
        3150   3.15681433E-07  0.152000427      -14.9685326      -1.88387191    
        3160   3.21603750E-07  0.152000427      -14.9499454      -1.88387191    
        3170   3.25028026E-07  0.155998230      -14.9393539      -1.85791063    
        3180   3.23884478E-07  0.164001465      -14.9428787      -1.80787992    
        3190   3.27395554E-07  0.159999847      -14.9320965      -1.83258247    
        3200   3.27215417E-07  0.260000229      -14.9326468      -1.34707272    
        3210   3.26324454E-07  0.159999847      -14.9353733      -1.83258247    
        3220   3.29830442E-07  0.171998978      -14.9246874      -1.76026678    
        3230   3.24650671E-07  0.180000305      -14.9405165      -1.71479678    
        3240   3.24739290E-07  0.159999847      -14.9402428      -1.83258247    
        3250   3.22687441E-07  0.164001465      -14.9465818      -1.80787992    
        3260   3.19322226E-07  0.163999557      -14.9570656      -1.80789161    
        3270   3.20379087E-07  0.167999268      -14.9537611      -1.78379560    
        3280   3.16749265E-07  0.176000595      -14.9651556      -1.73726797    
        3290   3.09638182E-07  0.171998978      -14.9878616      -1.76026678    
        3300   3.06726889E-07  0.172000885      -14.9973078      -1.76025569    
        3310   3.00967912E-07  0.171998978      -15.0162621      -1.76026678    
        3320   2.94352958E-07  0.167999268      -15.0384865      -1.78379560    
        3330   2.93458442E-07  0.180000305      -15.0415297      -1.71479678    
        3340   2.89645158E-07  0.176000595      -15.0546093      -1.73726797    
        3350   2.93714606E-07  0.191999435      -15.0406570      -1.65026283    
        3360   2.97578254E-07  0.247999191      -15.0275888      -1.39432979    
        3370   3.02003031E-07  0.187999725      -15.0128288      -1.67131472    
        3380   3.09753830E-07  0.179998398      -14.9874878      -1.71480727    
        3390   3.15589887E-07  0.196001053      -14.9688225      -1.62963521    
        3400   3.23671372E-07  0.184000015      -14.9435368      -1.69281948    
        3410   3.27865109E-07  0.187999725      -14.9306631      -1.67131472    
        3420   3.30280528E-07  0.204000473      -14.9233236      -1.58963299    
        3430   3.33807947E-07  0.200000763      -14.9126997      -1.60943413    
        3440   3.35728657E-07  0.199998856      -14.9069624      -1.60944366    
        3450   3.41860840E-07  0.196001053      -14.8888617      -1.62963521    
        3460   3.40964647E-07  0.207998276      -14.8914871      -1.57022548    
        3470   3.43683439E-07  0.204000473      -14.8835449      -1.58963299    
        3480   3.37930288E-07  0.196001053      -14.9004259      -1.62963521    
        3490   3.39812743E-07  0.203998566      -14.8948708      -1.58964229    
        3500   3.40591413E-07  0.204000473      -14.8925819      -1.58963299    
        3510   3.40573848E-07  0.220001221      -14.8926334      -1.51412225    
        3520   3.44820819E-07  0.271999359      -14.8802414      -1.30195558    
        3530   3.36745359E-07  0.204000473      -14.9039392      -1.58963299    
        3540   3.36235729E-07  0.203998566      -14.9054537      -1.58964229    
        3550   3.35219966E-07  0.228000641      -14.9084787      -1.47840679    
        3560   3.35962255E-07  0.208000183      -14.9062672      -1.57021630    
        3570   3.35121030E-07  0.211999893      -14.9087744      -1.55116951    
        3580   3.30773588E-07  0.232000351      -14.9218321      -1.46101642    
        3590   3.28626953E-07  0.223999023      -14.9283428      -1.49611354    
        3600   3.23449740E-07  0.212001801      -14.9442225      -1.55116057    
        3610   3.18425464E-07  0.255998611      -14.9598770      -1.36258328    
        3620   3.14239713E-07  0.220001221      -14.9731102      -1.51412225    
        3630   3.09313577E-07  0.236000061      -14.9889107      -1.44392323    
        3640   3.06677833E-07  0.236000061      -14.9974680      -1.44392323    
        3650   3.01500137E-07  0.235998154      -15.0144958      -1.44393134    
        3660   2.96751125E-07  0.228000641      -15.0303717      -1.47840679    
        3670   2.97525361E-07  0.252000809      -15.0277662      -1.37832296    
        3680   3.00968736E-07  0.295999527      -15.0162592      -1.21739745    
        3690   3.09351805E-07  0.236000061      -14.9887867      -1.44392323    
        3700   3.11458479E-07  0.236000061      -14.9819994      -1.44392323    
        3710   3.17911201E-07  0.236000061      -14.9614935      -1.44392323    
        3720   3.25126905E-07  0.239999771      -14.9390507      -1.42711735    
        3730   3.28306953E-07  0.244001389      -14.9293165      -1.41058135    
        3740   3.32187852E-07  0.251998901      -14.9175653      -1.37833059    
        3750   3.39424616E-07  0.243999481      -14.8960142      -1.41058922    
        3760   3.42188059E-07  0.244001389      -14.8879051      -1.41058135    
        3770   3.47833122E-07  0.247999191      -14.8715429      -1.39432979    
        3780   3.48263001E-07  0.252000809      -14.8703079      -1.37832296    
        3790   3.51739516E-07  0.256000519      -14.8603754      -1.36257577    
        3800   3.55952182E-07  0.251998901      -14.8484697      -1.37833059    
        3810   3.55354189E-07  0.263999939      -14.8501511      -1.33180642    
        3820   3.57357806E-07  0.256000519      -14.8445282      -1.36257577    
        3830   3.62737950E-07  0.288000107      -14.8295851      -1.24479437    
        3840   3.62662007E-07  0.531999588      -14.8297949     -0.631112576    
        3850   3.65545731E-07  0.272001266      -14.8218746      -1.30194855    
        3860   3.65927889E-07  0.263999939      -14.8208294      -1.33180642    
        3870   3.62891029E-07  0.271999359      -14.8291636      -1.30195558    
        3880   3.63129658E-07  0.276000977      -14.8285055      -1.28735089    
        3890   3.65998801E-07  0.279998779      -14.8206358      -1.27297008    
        3900   3.67256916E-07  0.268001556      -14.8172045      -1.31676245    
        3910   3.63241924E-07  0.284000397      -14.8281965      -1.25877964    
        3920   3.60097033E-07  0.276000977      -14.8368921      -1.28735089    
        3930   3.59571061E-07  0.287998199      -14.8383541      -1.24480104    
        3940   3.64464512E-07  0.284000397      -14.8248367      -1.25877964    
        3950   3.61689388E-07  0.288002014      -14.8324804      -1.24478781    
        3960   3.59052194E-07  0.284000397      -14.8397980      -1.25877964    
        3970   3.55485611E-07  0.295997620      -14.8497810      -1.21740389    
        3980   3.55496979E-07  0.296001434      -14.8497486      -1.21739101    
        3990   3.55459662E-07  0.287998199      -14.8498545      -1.24480104    
        4000   3.49908220E-07  0.347999573      -14.8655949      -1.05555403    
        4010   3.50395936E-07  0.304000854      -14.8642025      -1.19072473    
        4020   3.44470095E-07  0.291999817      -14.8812590      -1.23100209    
        4030   3.40511320E-07  0.304000854      -14.8928175      -1.19072473    
        4040   3.36697298E-07  0.304000854      -14.9040813      -1.19072473    
        4050   3.35186058E-07  0.312000275      -14.9085798      -1.16475117    
        4060   3.34331475E-07  0.307998657      -14.9111328      -1.17765987    
        4070   3.29915906E-07  0.304000854      -14.9244280      -1.19072473    
        4080   3.26305297E-07  0.307998657      -14.9354324      -1.17765987    
        4090   3.27301365E-07  0.335998535      -14.9323845      -1.09064841    
        4100   3.24765836E-07  0.344001770      -14.9401617      -1.06710851    
        4110   3.26638002E-07  0.312000275      -14.9344130      -1.16475117    
        4120   3.30026182E-07  0.324001312      -14.9240942      -1.12700772    
        4130   3.32784595E-07  0.324001312      -14.9157705      -1.12700772    
        4140   3.37133798E-07  0.331996918      -14.9027863      -1.10262966    
        4150   3.40360032E-07  0.336002350      -14.8932619      -1.09063709    
        4160   3.45573028E-07  0.380001068      -14.8780622     -0.967581213    
        4170   3.51213856E-07  0.343997955      -14.8618708      -1.06711960    
        4180   3.53426799E-07  0.336002350      -14.8555899      -1.09063709    
        4190   3.58234701E-07  0.340000153      -14.8420773      -1.07880926    
        4200   3.63330969E-07  0.347999573      -14.8279514      -1.05555403    
        4210   3.64220483E-07  0.355998993      -14.8255062      -1.03282738    
        4220   3.65878094E-07  0.355998993      -14.8209658      -1.03282738    
        4230   3.73819887E-07  0.352001190      -14.7994919      -1.04412079    
        4240   3.71087538E-07  0.363998413      -14.8068275      -1.01060581    
        4250   3.79497209E-07  0.352001190      -14.7844191      -1.04412079    
        4260   3.81462996E-07  0.363998413      -14.7792521      -1.01060581    
        4270   3.81786464E-07  0.376003265      -14.7784042     -0.978157461    
        4280   3.87744763E-07  0.379997253      -14.7629185     -0.967591286    
        4290   3.89728143E-07  0.368000031      -14.7578163     -0.999672294    
        4300   3.88592753E-07  0.372001648      -14.7607336     -0.988857031    
        4310   3.92155727E-07  0.391998291      -14.7516069     -0.936497808    
        4320   3.92917570E-07  0.412002563      -14.7496662     -0.886725724    
        4330   3.96687369E-07  0.383998871      -14.7401171     -0.957115650    
        4340   3.96726620E-07  0.379997253      -14.7400188     -0.967591286    
        4350   3.96790284E-07  0.384002686      -14.7398577     -0.957105756    
        4360   3.94442225E-07  0.395999908      -14.7457933     -0.926341295    
        4370   3.98548025E-07  0.411998749      -14.7354374     -0.886734962    
        4380   3.96585136E-07  0.400001526      -14.7403755     -0.916286945    
        4390   3.99264763E-07  0.403999329      -14.7336407     -0.906342030    
        4400   4.04356314E-07  0.400001526      -14.7209692     -0.916286945    
        4410   3.97321941E-07  0.400001526      -14.7385187     -0.916286945    
        4420   4.05265553E-07  0.395999908      -14.7187233     -0.926341295    
        4430   4.04354751E-07  0.388000488      -14.7209730     -0.946748674    
        4440   4.03504544E-07  0.407997131      -14.7230778     -0.896495104    
        4450   4.04216962E-07  0.408000946      -14.7213144     -0.896485806    
        4460   4.03899065E-07  0.408000946      -14.7221012     -0.896485806    
        4470   4.00196541E-07  0.411998749      -14.7313099     -0.886734962    
        4480   4.00093171E-07  0.604000092      -14.7315683     -0.504180908    
        4490   4.01810382E-07  0.420001984      -14.7272854     -0.867495835    
        4500   4.00282374E-07  0.415996552      -14.7310953     -0.877078295    
        4510   4.01365668E-07  0.424003601      -14.7283926     -0.858013332    
        4520   4.02321831E-07  0.416000366      -14.7260132     -0.877069116    
        4530   3.97707140E-07  0.423999786      -14.7375498     -0.858022332    
        4540   3.98758885E-07  0.423999786      -14.7349091     -0.858022332    
        4550   3.97103094E-07  0.431999207      -14.7390699     -0.839331508    
        4560   3.93899057E-07  0.431999207      -14.7471714     -0.839331508    
        4570   3.96365635E-07  0.428001404      -14.7409286     -0.848628819    
        4580   3.95916942E-07  0.440002441      -14.7420616     -0.820975006    
        4590   3.93657075E-07  0.435997009      -14.7477856     -0.830119908    
        4600   3.93225633E-07  0.444000244      -14.7488823     -0.811930180    
        4610   3.92758096E-07  0.451999664      -14.7500715     -0.794073820    
        4620   3.91193424E-07  0.448001862      -14.7540636     -0.802957892    
        4630   3.87771195E-07  0.439998627      -14.7628508     -0.820983648    
        4640   3.87610271E-07  0.472000122      -14.7632656     -0.750776052    
        4650   3.86184553E-07  0.451999664      -14.7669506     -0.794073820    
        4660   3.87366839E-07  0.455997467      -14.7638941     -0.785268009    
        4670   3.85969315E-07  0.464000702      -14.7675076     -0.767869234    
        4680   3.84652935E-07  0.456001282      -14.7709246     -0.785259664    
        4690   3.84465636E-07  0.467998505      -14.7714119     -0.759290159    
        4700   3.82153189E-07  0.460002899      -14.7774439     -0.776522517    
        4710   3.82860151E-07  0.475997925      -14.7755957     -0.742341757    
        4720   3.79905714E-07  0.472000122      -14.7833424     -0.750776052    
        4730   3.81415902E-07  0.479995728      -14.7793751     -0.733978093    
        4740   3.82712756E-07  0.468002319      -14.7759809     -0.759282053    
        4750   3.85546315E-07  0.463996887      -14.7686043     -0.767877460    
        4760   3.88937679E-07  0.484001160      -14.7598467     -0.725667953    
        4770   3.90599013E-07  0.467994690      -14.7555847     -0.759298325    
        4780   3.95336457E-07  0.480003357      -14.7435284     -0.733962178    
        4790   3.95341061E-07  0.484001160      -14.7435169     -0.725667953    
        4800   3.99296994E-07  0.515998840      -14.7335606     -0.661650777    
        4810   4.00497697E-07  0.479995728      -14.7305574     -0.733978093    
        4820   4.04192207E-07  0.488006592      -14.7213755     -0.717426360    
        4830   4.06992257E-07  0.491996765      -14.7144718     -0.709283113    
        4840   4.08429088E-07  0.500000000      -14.7109480     -0.693147182    
        4850   4.13285989E-07  0.480003357      -14.6991262     -0.733962178    
        4860   4.15085481E-07  0.500000000      -14.6947813     -0.693147182    
        4870   4.16684543E-07  0.503997803      -14.6909361     -0.685183346    
        4880   4.19181532E-07  0.512001038      -14.6849613     -0.669428647    
        4890   4.20956667E-07  0.503997803      -14.6807356     -0.685183346    
        4900   4.22088334E-07  0.511993408      -14.6780510     -0.669443548    
        4910   4.24472717E-07  0.520004272      -14.6724176     -0.653918266    
        4920   4.27683943E-07  0.520004272      -14.6648817     -0.653918266    
        4930   4.26714962E-07  0.515998840      -14.6671495     -0.661650777    
        4940   4.30825196E-07  0.519996643      -14.6575632     -0.653932929    
        4950   4.29630717E-07  0.528007507      -14.6603394     -0.638644755    
        4960   4.31626660E-07  0.539993286      -14.6557045     -0.616198540    
        4970   4.39444335E-07  0.532005310      -14.6377544     -0.631101787    
        4980   4.35511112E-07  0.527999878      -14.6467457     -0.638659239    
        4990   4.37629836E-07  0.536003113      -14.6418924     -0.623615324    
        5000   4.39554640E-07  0.540000916      -14.6375036     -0.616184473    
        5010   4.42686058E-07  0.527999878      -14.6304054     -0.638659239    
        5020   4.43193557E-07  0.535995483      -14.6292591     -0.623629570    
        5030   4.44741943E-07  0.547996521      -14.6257715     -0.601486325    
        5040   4.44949677E-07  0.552001953      -14.6253042     -0.594203711    
        5050   4.46226721E-07  0.552001953      -14.6224384     -0.594203711    
        5060   4.48745766E-07  0.551994324      -14.6168089     -0.594217539    
        5070   4.48099030E-07  0.555999756      -14.6182518     -0.586987436    
        5080   4.50084485E-07  0.555999756      -14.6138306     -0.586987436    
        5090   4.47670033E-07  0.555999756      -14.6192093     -0.586987436    
        5100   4.52368198E-07  0.559997559      -14.6087694     -0.579822838    
        5110   4.53395359E-07  0.572006226      -14.6065016     -0.558605433    
        5120   4.52085061E-07  0.955993652      -14.6093950      -4.50040065E-02
        5130   4.51681871E-07  0.568000793      -14.6102877     -0.565632463    
        5140   4.52962610E-07  0.559997559      -14.6074562     -0.579822838    
        5150   4.57165157E-07  0.568000793      -14.5982208     -0.565632463    
        5160   4.55767861E-07  0.580001831      -14.6012821     -0.544723988    
        5170   4.53697851E-07  0.580001831      -14.6058340     -0.544723988    
        5180   4.55258430E-07  0.579994202      -14.6024008     -0.544737160    
        5190   4.56866729E-07  0.583999634      -14.5988741     -0.537854910    
        5200   4.57711366E-07  0.588005066      -14.5970268     -0.531019688    
        5210   4.60816693E-07  0.591995239      -14.5902653     -0.524256706    
        5220   4.57489989E-07  0.583999634      -14.5975113     -0.537854910    
        5230   4.56483093E-07  0.596000671      -14.5997143     -0.517513514    
        5240   4.61389789E-07  0.596000671      -14.5890226     -0.517513514    
        5250   4.59806614E-07  0.599998474      -14.5924597     -0.510828137    
        5260   4.58601846E-07  0.600006104      -14.5950832     -0.510815442    
        5270   4.61982069E-07  0.575996399      -14.5877399     -0.551653862    
        5280   4.56945827E-07  0.611999512      -14.5987005     -0.491023779    
        5290   4.63524145E-07  0.604003906      -14.5844078     -0.504174590    
        5300   4.62436873E-07  0.608001709      -14.5867558     -0.497577578    
        5310   4.65673509E-07  0.607994080      -14.5797815     -0.497590125    
        5320   4.59960660E-07  0.616004944      -14.5921249     -0.484500289    
        5330   4.62455972E-07  0.611999512      -14.5867147     -0.491023779    
        5340   4.64576601E-07  0.611999512      -14.5821390     -0.491023779    
        5350   4.60939930E-07  0.620002747      -14.5899982     -0.478031367    
        5360   4.64299660E-07  0.627998352      -14.5827360     -0.465217739    
        5370   4.61211215E-07  0.619995117      -14.5894098     -0.478043675    
        5380   4.60411172E-07  0.628005981      -14.5911455     -0.465205580    
        5390   4.62581596E-07  0.631996155      -14.5864429     -0.458871961    
        5400   4.62500736E-07  0.632003784      -14.5866175     -0.458859891    
        5410   4.64445066E-07  0.635993958      -14.5824223     -0.452566206    
        5420   4.59705461E-07  0.636001587      -14.5926800     -0.452554226    
        5430   4.61095425E-07  0.644004822      -14.5896606     -0.440049052    
        5440   4.62669163E-07  0.680000305      -14.5862532     -0.385662019    
        5450   4.64623838E-07  0.647994995      -14.5820379     -0.433872312    
        5460   4.65930611E-07  0.644004822      -14.5792294     -0.440049052    
        5470   4.63007154E-07  0.652000427      -14.5855236     -0.427710056    
        5480   4.62369968E-07  0.651992798      -14.5869007     -0.427721769    
        5490   4.61635182E-07  0.656005859      -14.5884905     -0.421585560    
        5500   4.61973571E-07  0.655998230      -14.5877581     -0.421597183    
        5510   4.63300381E-07  0.655998230      -14.5848904     -0.421597183    
        5520   4.64168323E-07  0.664001465      -14.5830183     -0.409470916    
        5530   4.62765627E-07  0.667999268      -14.5860453     -0.403468192    
        5540   4.60161203E-07  0.664001465      -14.5916891     -0.409470916    
        5550   4.61901152E-07  0.672004700      -14.5879145     -0.397489935    
        5560   4.62587451E-07  0.667999268      -14.5864305     -0.403468192    
        5570   4.62171982E-07  0.675994873      -14.5873289     -0.391569793    
        5580   4.65393555E-07  0.667999268      -14.5803823     -0.403468192    
        5590   4.62369940E-07  0.680000305      -14.5869007     -0.385662019    
        5600   4.63990375E-07  0.688003540      -14.5834017     -0.373961300    
        5610   4.61822964E-07  0.676002502      -14.5880842     -0.391558498    
        5620   4.60997455E-07  0.688003540      -14.5898733     -0.373961300    
        5630   4.64391661E-07  0.687995911      -14.5825377     -0.373972386    
        5640   4.62377244E-07  0.692001343      -14.5868845     -0.368167371    
        5650   4.61629980E-07  0.695999146      -14.5885019     -0.362406850    
        5660   4.62157089E-07  0.688003540      -14.5873613     -0.373961300    
        5670   4.61872503E-07  0.699996948      -14.5879774     -0.356679320    
        5680   4.60503685E-07  0.708000183      -14.5909452     -0.345310926    
        5690   4.63477448E-07  0.684005737      -14.5845079     -0.379788965    
        5700   4.61479004E-07  0.704002380      -14.5888290     -0.350973547    
        5710   4.60799072E-07  0.711997986      -14.5903034     -0.339680195    
        5720   4.60128632E-07  0.711997986      -14.5917597     -0.339680195    
        5730   4.62226808E-07  0.716003418      -14.5872097     -0.334070325    
        5740   4.58617308E-07  0.716003418      -14.5950499     -0.334070325    
        5750   4.58815123E-07  0.719993591      -14.5946188     -0.328512967    
        5760   4.61140644E-07   1.11199951      -14.5895624      0.106159754    
        5770   4.61070272E-07  0.716003418      -14.5897150     -0.334070325    
        5780   4.60230950E-07  0.727996826      -14.5915375     -0.317458600    
        5790   4.59408568E-07  0.732009888      -14.5933256     -0.311961263    
        5800   4.61319814E-07  0.735992432      -14.5891743     -0.306535453    
        5810   4.61697823E-07  0.736007690      -14.5883551     -0.306514710    
        5820   4.63444223E-07  0.735992432      -14.5845795     -0.306535453    
        5830   4.62667430E-07  0.740005493      -14.5862570     -0.301097661    
        5840   4.64857891E-07  0.748001099      -14.5815344     -0.290350825    
        5850   4.66709281E-07  0.748001099      -14.5775595     -0.290350825    
        5860   4.71074088E-07  0.748001099      -14.5682507     -0.290350825    
        5870   4.70544052E-07  0.755996704      -14.5693760     -0.279718250    
        5880   4.71280600E-07  0.751998901      -14.5678120     -0.285020411    
        5890   4.73921858E-07  0.755996704      -14.5622234     -0.279718250    
        5900   4.75773845E-07  0.755996704      -14.5583229     -0.279718250    
        5910   4.75427129E-07  0.760009766      -14.5590525     -0.274423987    
        5920   4.78940649E-07  0.772003174      -14.5516891     -0.258766621    
        5930   4.77999038E-07  0.767990112      -14.5536575     -0.263978422    
        5940   4.79107825E-07  0.768005371      -14.5513401     -0.263958544    
        5950   4.81297604E-07  0.755996704      -14.5467796     -0.279718250    
        5960   4.81627126E-07  0.772003174      -14.5460958     -0.258766621    
        5970   4.85795510E-07  0.779998779      -14.5374784     -0.248462930    
        5980   4.87501609E-07  0.779998779      -14.5339718     -0.248462930    
        5990   4.85216788E-07  0.783996582      -14.5386696     -0.243350625    
        6000   4.88785417E-07  0.788009644      -14.5313425     -0.238244951    
        6010   4.90486286E-07  0.787994385      -14.5278683     -0.238264307    
        6020   4.89674164E-07  0.787994385      -14.5295258     -0.238264307    
        6030   4.92625361E-07  0.792007446      -14.5235167     -0.233184487    
        6040   4.93007462E-07  0.792007446      -14.5227413     -0.233184487    
        6050   4.92629567E-07  0.795989990      -14.5235081     -0.228168666    
        6060   4.94754488E-07  0.796005249      -14.5192041     -0.228149503    
        6070   4.95806660E-07  0.800003052      -14.5170794     -0.223139733    
        6080   4.98038673E-07  0.895996094      -14.5125885     -0.109819226    
        6090   4.96971438E-07  0.807998657      -14.5147333     -0.213194877    
        6100   4.98579141E-07  0.807998657      -14.5115032     -0.213194877    
        6110   5.01196325E-07  0.811996460      -14.5062675     -0.208259299    
        6120   5.01280908E-07  0.811996460      -14.5060987     -0.208259299    
        6130   5.01938814E-07  0.824005127      -14.5047874     -0.193578526    
        6140   5.02625880E-07  0.819992065      -14.5034199     -0.198460609    
        6150   5.05102321E-07  0.828002930      -14.4985046     -0.188738585    
        6160   5.03709884E-07  0.832000732      -14.5012655     -0.183921963    
        6170   5.04955267E-07  0.832000732      -14.4987965     -0.183921963    
        6180   5.04982779E-07  0.832000732      -14.4987411     -0.183921963    
        6190   5.06238166E-07  0.835998535      -14.4962587     -0.179128423    
        6200   5.07981554E-07  0.835998535      -14.4928207     -0.179128423    
        6210   5.09680035E-07  0.844009399      -14.4894829     -0.169591650    
        6220   5.08650032E-07  0.839996338      -14.4915056     -0.174357742    
        6230   5.08894004E-07  0.847991943      -14.4910259     -0.164884150    
        6240   5.08458584E-07  0.860000610      -14.4918823     -0.150822178    
        6250   5.11236465E-07  0.852005005      -14.4864340     -0.160162881    
        6260   5.11603844E-07  0.852005005      -14.4857149     -0.160162881    
        6270   5.13195971E-07  0.855987549      -14.4826078     -0.155499443    
        6280   5.13365421E-07  0.855987549      -14.4822779     -0.155499443    
        6290   5.14657984E-07  0.864013672      -14.4797630     -0.146166682    
        6300   5.13870248E-07  0.863998413      -14.4812946     -0.146184340    
        6310   5.15690886E-07  0.867996216      -14.4777584     -0.141567916    
        6320   5.15321460E-07  0.875991821      -14.4784746     -0.132398531    
        6330   5.16114483E-07  0.872009277      -14.4769373     -0.136955217    
        6340   5.15667807E-07  0.875991821      -14.4778032     -0.132398531    
        6350   5.17541650E-07  0.863998413      -14.4741755     -0.146184340    
        6360   5.17257206E-07  0.880004883      -14.4747257     -0.127827823    
        6370   5.16995158E-07  0.888000488      -14.4752321     -0.118782990    
        6380   5.18502986E-07  0.884002686      -14.4723196     -0.123295180    
        6390   5.19721652E-07  0.888000488      -14.4699726     -0.118782990    
        6400   5.19210744E-07   1.44400024      -14.4709558      0.367417216    
        6410   5.20389847E-07  0.899993896      -14.4686880     -0.105367295    
        6420   5.17528861E-07  0.896011353      -14.4742002     -0.109802194    
        6430   5.17466674E-07  0.903991699      -14.4743204     -0.100935102    
        6440   5.20503818E-07  0.904006958      -14.4684687     -0.100918218    
        6450   5.22593893E-07  0.907989502      -14.4644613      -9.65224653E-02
        6460   5.20892627E-07  0.908004761      -14.4677219      -9.65056568E-02
        6470   5.18255263E-07  0.912002563      -14.4727983      -9.21124816E-02
        6480   5.20487674E-07  0.919998169      -14.4684992      -8.33835974E-02
        6490   5.24626557E-07  0.924011230      -14.4605789      -7.90310502E-02
        6500   5.23144934E-07  0.919998169      -14.4634075      -8.33835974E-02
        6510   5.25213125E-07  0.923995972      -14.4594622      -7.90475681E-02
        6520   5.26558381E-07  0.923995972      -14.4569035      -7.90475681E-02
        6530   5.24620873E-07  0.936004639      -14.4605904      -6.61348477E-02
        6540   5.24484790E-07  0.932006836      -14.4608498      -7.04151317E-02
        6550   5.23543065E-07  0.939987183      -14.4626465      -6.18890375E-02
        6560   5.23529820E-07  0.948013306      -14.4626722      -5.33867404E-02
        6570   5.26133249E-07  0.947998047      -14.4577112      -5.34028374E-02
        6580   5.24493430E-07  0.944000244      -14.4608326      -5.76288551E-02
        6590   5.25434302E-07  0.944000244      -14.4590406      -5.76288551E-02
        6600   5.23882932E-07  0.951995850      -14.4619980      -4.91946042E-02
        6610   5.25221083E-07  0.955993652      -14.4594469      -4.50040065E-02
        6620   5.26625229E-07  0.956008911      -14.4567766      -4.49880436E-02
        6630   5.25313681E-07  0.963989258      -14.4592705      -3.66751291E-02
        6640   5.26196345E-07  0.968002319      -14.4575911      -3.25207971E-02
        6650   5.27842758E-07  0.960006714      -14.4544678      -4.08149995E-02
        6660   5.29419026E-07  0.964004517      -14.4514856      -3.66593003E-02
        6670   5.25928158E-07  0.964004517      -14.4581013      -3.66593003E-02
        6680   5.25625410E-07  0.972000122      -14.4586773      -2.83993483E-02
        6690   5.28577061E-07  0.979995728      -14.4530773      -2.02070661E-02
        6700   5.27953830E-07  0.975997925      -14.4542570      -2.42948197E-02
        6710   5.22915968E-07  0.984008789      -14.4638453      -1.61204506E-02
        6720   5.30205682E-07   1.15199280      -14.4500008      0.141493306    
        6730   5.27888290E-07  0.992004395      -14.4543810      -8.02774169E-03
        6740   5.28499129E-07  0.996002197      -14.4532251      -4.00581537E-03
        6750   5.28667726E-07   1.00000000      -14.4529057       0.00000000    
        6760   5.31999376E-07  0.996002197      -14.4466238      -4.00581537E-03
        6770   5.28976159E-07   1.00799561      -14.4523220       7.96381012E-03
        6780   5.28111457E-07   1.00799561      -14.4539585       7.96381012E-03
        6790   5.30754107E-07   1.01600647      -14.4489670       1.58797167E-02
        6800   5.30974830E-07   1.01599121      -14.4485512       1.58646982E-02
        6810   5.33948480E-07   1.02000427      -14.4429665       1.98068153E-02
        6820   5.28850251E-07   1.02000427      -14.4525604       1.98068153E-02
        6830   5.29909130E-07   1.02799988      -14.4505606       2.76150480E-02
        6840   5.29881845E-07   1.02400208      -14.4506121       2.37185527E-02
        6850   5.30627176E-07   1.03599548      -14.4492064       3.53627838E-02
        6860   5.30132752E-07   1.03599548      -14.4501381       3.53627838E-02
        6870   5.31051683E-07   1.04000854      -14.4484062       3.92289311E-02
        6880   5.30285831E-07   1.05599976      -14.4498501       5.44879548E-02
        6890   5.31138198E-07   1.04798889      -14.4482431       4.68729846E-02
        6900   5.30555042E-07   1.04399109      -14.4493418       4.30509523E-02
        6910   5.33109926E-07   1.05200195      -14.4445381       5.06949723E-02
        6920   5.31316800E-07   1.05200195      -14.4479074       5.06949723E-02
        6930   5.33150342E-07   1.05999756      -14.4444628       5.82666062E-02
        6940   5.31314299E-07   1.05599976      -14.4479122       5.44879548E-02
        6950   5.31178273E-07   1.06401062      -14.4481678       6.20453730E-02
        6960   5.31350054E-07   1.06799316      -14.4478445       6.57813400E-02
        6970   5.31849025E-07   1.07200623      -14.4469061       6.95318729E-02
        6980   5.31999945E-07   1.07199097      -14.4466228       6.95176348E-02
        6990   5.33524826E-07   1.08399963      -14.4437599       8.06575641E-02
        7000   5.30299019E-07   1.07600403      -14.4498243       7.32542053E-02
        7010   5.33269997E-07   1.08799744      -14.4442377       8.43387917E-02
        7020   5.33508967E-07   1.08399963      -14.4437904       8.06575641E-02
        7030   5.31437081E-07   1.08799744      -14.4476814       8.43387917E-02
        7040   5.33268917E-07   1.78401184      -14.4442396      0.578864694    
        7050   5.32217541E-07   1.09999084      -14.4462137       9.53018591E-02
        7060   5.30495640E-07   1.10000610      -14.4494543       9.53157246E-02
        7070   5.34192111E-07   1.10400391      -14.4425106       9.89434868E-02
        7080   5.29510260E-07   1.09999084      -14.4513130       9.53018591E-02
        7090   5.33863101E-07   1.11199951      -14.4431267      0.106159754    
        7100   5.32801835E-07   1.10798645      -14.4451160      0.102544360    
        7110   5.30932255E-07   1.12001038      -14.4486313      0.113337949    
        7120   5.33424270E-07   1.11599731      -14.4439487      0.109748460    
        7130   5.31962257E-07   1.12399292      -14.4466934      0.116887450    
        7140   5.31464991E-07   1.11599731      -14.4476290      0.109748460    
        7150   5.34562673E-07   1.13200378      -14.4418173      0.123989321    
        7160   5.31890407E-07   1.12399292      -14.4468288      0.116887450    
        7170   5.33040122E-07   1.12399292      -14.4446688      0.116887450    
        7180   5.31502451E-07   1.11999512      -14.4475584      0.113324329    
        7190   5.31952765E-07   1.12402344      -14.4467115      0.116914600    
        7200   5.34056142E-07   1.14797974      -14.4427652      0.138003647    
        7210   5.33221908E-07   1.14801025      -14.4443283      0.138030231    
        7220   5.32376191E-07   1.14801025      -14.4459152      0.138030231    
        7230   5.34053186E-07   1.16000366      -14.4427700      0.148423165    
        7240   5.31244552E-07   1.15197754      -14.4480438      0.141480058    
        7250   5.32633578E-07   1.16400146      -14.4454317      0.151863605    
        7260   5.33265052E-07   1.16400146      -14.4442472      0.151863605    
        7270   5.32968102E-07   1.17199707      -14.4448042      0.158709198    
        7280   5.34200865E-07   1.16400146      -14.4424934      0.151863605    
        7290   5.31174294E-07   1.18002319      -14.4481754      0.165534094    
        7300   5.31942533E-07   1.17599487      -14.4467306      0.162114486    
        7310   5.33732418E-07   1.18798828      -14.4433708      0.172261357    
        7320   5.32796662E-07   1.17599487      -14.4451256      0.162114486    
        7330   5.32059346E-07   1.19201660      -14.4465113      0.175646499    
        7340   5.31719934E-07   1.18798828      -14.4471493      0.172261357    
        7350   5.33752541E-07   1.19601440      -14.4433336      0.178994700    
        7360   5.31443959E-07   1.55999756      -14.4476681      0.444684267    
        7370   5.32263073E-07   1.20397949      -14.4461279      0.185632318    
        7380   5.30403724E-07   1.20001221      -14.4496269      0.182331726    
        7390   5.31024568E-07   1.20401001      -14.4484577      0.185657665    
        7400   5.30260536E-07   1.20397949      -14.4498978      0.185632318    
        7410   5.32077934E-07   1.22000122      -14.4464760      0.198851854    
        7420   5.29739566E-07   1.22000122      -14.4508801      0.198851854    
        7430   5.31892510E-07   1.21600342      -14.4468241      0.195569590    
        7440   5.31244893E-07   1.21600342      -14.4480429      0.195569590    
        7450   5.31716239E-07   1.22799683      -14.4471560      0.205384240    
        7460   5.33794093E-07   1.22799683      -14.4432554      0.205384240    
        7470   5.34664707E-07   1.23602295      -14.4416256      0.211898923    
        7480   5.33044158E-07   1.22799683      -14.4446611      0.205384240    
        7490   5.30982334E-07   1.24398804      -14.4485369      0.218322381    
        7500   5.32603394E-07   1.24401855      -14.4454889      0.218346909    
        7510   5.30366265E-07   1.25198364      -14.4496984      0.224729210    
        7520   5.31846354E-07   1.27200317      -14.4469109      0.240592957    
        7530   5.31428952E-07   1.25201416      -14.4476967      0.224753588    
        7540   5.32207196E-07   1.25598145      -14.4462328      0.227917299    
        7550   5.32137335E-07   1.26400757      -14.4463644      0.234287292    
        7560   5.31234889E-07   1.27200317      -14.4480619      0.240592957    
        7570   5.30525881E-07   1.27200317      -14.4493971      0.240592957    
        7580   5.33605032E-07   1.27600098      -14.4436102      0.243730947    
        7590   5.32645458E-07   1.27999878      -14.4454098      0.246859118    
        7600   5.32928368E-07   1.28799438      -14.4448786      0.253086269    
        7610   5.31789340E-07   1.28799438      -14.4470186      0.253086269    
        7620   5.31552075E-07   1.30801392      -14.4474649      0.268509895    
        7630   5.31592264E-07   1.29998779      -14.4473886      0.262354881    
        7640   5.33136642E-07   1.29199219      -14.4444885      0.256185353    
        7650   5.31922808E-07   1.30398560      -14.4467678      0.265425414    
        7660   5.29647878E-07   1.32400513      -14.4510536      0.280661345    
        7670   5.31974308E-07   1.32000732      -14.4466705      0.277637273    
        7680   5.35248660E-07   2.16000366      -14.4405346      0.770109892    
        7690   5.31103467E-07   1.34399414      -14.4483089      0.295645893    
        7700   5.32681156E-07   1.36798096      -14.4453430      0.313335896    
        7710   5.33595085E-07   1.39199829      -14.4436283      0.330740333    
        7720   5.31113528E-07   1.36001587      -14.4482899      0.307496369    
        7730   5.30721820E-07   1.37200928      -14.4490280      0.316276282    
        7740   5.33615264E-07   1.37197876      -14.4435911      0.316254050    
        7750   5.32397223E-07   1.38800049      -14.4458761      0.327864230    
        7760   5.31810542E-07   1.38000488      -14.4469786      0.322087049    
        7770   5.28929945E-07   1.41201782      -14.4524097      0.345019758    
        7780   5.31842545E-07   1.40399170      -14.4469185      0.339319408    
        7790   5.32877891E-07   1.41598511      -14.4449739      0.347825468    
        7800   5.33610319E-07   1.40798950      -14.4435997      0.342162788    
        7810   5.32077479E-07   1.46398926      -14.4464769      0.381165087    
        7820   5.33757373E-07   1.42800903      -14.4433241      0.356281191    
        7830   5.32058039E-07   1.46798706      -14.4465132      0.383892119    
        7840   5.33684101E-07   1.47998047      -14.4434614      0.392028898    
        7850   5.32139097E-07   1.45199585      -14.4463606      0.372939050    
        7860   5.31616138E-07   1.44802856      -14.4473438      0.370203018    
        7870   5.33784316E-07   1.46798706      -14.4432735      0.383892119    
        7880   5.31656610E-07   1.45199585      -14.4472685      0.372939050    
        7890   5.32149556E-07   1.47201538      -14.4463415      0.386632472    
        7900   5.33143691E-07   1.47198486      -14.4444752      0.386611730    
        7910   5.31682417E-07   1.50000000      -14.4472198      0.405465096    
        7920   5.31073340E-07   1.47201538      -14.4483662      0.386632472    
        7930   5.32365789E-07   1.49200439      -14.4459352      0.400120437    
        7940   5.30419868E-07   1.47998047      -14.4495974      0.392028898    
        7950   5.32244997E-07   1.49600220      -14.4461622      0.402796358    
        7960   5.32843785E-07   1.49200439      -14.4450378      0.400120437    
        7970   5.31784849E-07   1.51602173      -14.4470272      0.416089624    
        7980   5.31635578E-07   1.51199341      -14.4473076      0.413428903    
        7990   5.32698493E-07   1.55999756      -14.4453106      0.444684267    
        8000   5.32091349E-07   2.04800415      -14.4464502      0.716865718    
        8010   5.32296383E-07   1.57598877      -14.4460649      0.454882860    
        8020   5.32052013E-07   1.53201294      -14.4465246      0.426582515    
        8030   5.31438388E-07   1.54800415      -14.4476786      0.436966449    
        8040   5.33125956E-07   1.53598022      -14.4445086      0.429168761    
        8050   5.30986426E-07   1.55999756      -14.4485292      0.444684267    
        8060   5.32084925E-07   1.55599976      -14.4464626      0.442118257    
        8070   5.32950992E-07   1.57199097      -14.4448366      0.452342927    
        8080   5.29019701E-07   1.55999756      -14.4522400      0.444684267    
        8090   5.32959348E-07   1.58401489      -14.4448204      0.459962696    
        8100   5.32956562E-07   1.57998657      -14.4448261      0.457416356    
        8110   5.28636122E-07   1.59201050      -14.4529657      0.464997679    
        8120   5.28100088E-07   1.58401489      -14.4539804      0.459962696    
        8130   5.29612066E-07   1.60800171      -14.4511213      0.474992216    
        8140   5.29953013E-07   1.60400391      -14.4504776      0.472502947    
        8150   5.30883199E-07   1.61999512      -14.4487238      0.482423127    
        8160   5.34251001E-07   1.67199707      -14.4424000      0.514018774    
        8170   5.30723071E-07   1.62799072      -14.4490252      0.487346590    
        8180   5.26567362E-07   1.62402344      -14.4568863      0.484906673    
        8190   5.27715258E-07   1.64797974      -14.4547091      0.499550134    
        8200   5.30922534E-07   1.61999512      -14.4486494      0.482423127    
        8210   5.33247828E-07   1.67599487      -14.4442797      0.516406953    
        8220   5.29429144E-07   1.63998413      -14.4514666      0.494686544    
        8230   5.30693853E-07   1.66799927      -14.4490805      0.511624873    
        8240   5.32353511E-07   1.65600586      -14.4459581      0.504408598    
        8250   5.33290176E-07   1.68402100      -14.4442005      0.521184385    
        8260   5.33774880E-07   1.67199707      -14.4432917      0.514018774    
        8270   5.34796413E-07   1.69198608      -14.4413795      0.525903046    
        8280   5.31955834E-07   1.68002319      -14.4467058      0.518807590    
        8290   5.33056095E-07   1.70397949      -14.4446392      0.532966375    
        8300   5.32275067E-07   1.70001221      -14.4461050      0.530635417    
        8310   5.34419371E-07   1.71200562      -14.4420853      0.537665546    
        8320   5.36267407E-07   2.58801270      -14.4386330      0.950890303    
        8330   5.37427354E-07   1.76800537      -14.4364719      0.569851995    
        8340   5.35890251E-07   1.72000122      -14.4393368      0.542325020    
        8350   5.34734625E-07   1.73999023      -14.4414949      0.553879499    
        8360   5.37565825E-07   1.72799683      -14.4362144      0.546962857    
        8370   5.36331015E-07   1.75201416      -14.4385147      0.560766101    
        8380   5.35429706E-07   1.74798584      -14.4401960      0.558464170    
        8390   5.35023730E-07   1.76400757      -14.4409552      0.567588270    
        8400   5.37880396E-07   1.75201416      -14.4356298      0.560766101    
        8410   5.36825610E-07   1.77999878      -14.4375925      0.576612711    
        8420   5.38840311E-07   1.76400757      -14.4338465      0.567588270    
        8430   5.38064512E-07   1.78799438      -14.4352875      0.581094503    
        8440   5.39757025E-07   1.77999878      -14.4321470      0.576612711    
        8450   5.36158723E-07   1.79998779      -14.4388351      0.587779880    
        8460   5.39665621E-07   1.79598999      -14.4323158      0.585556388    
        8470   5.41399061E-07   1.81600952      -14.4291096      0.596641541    
        8480   5.39289488E-07   1.91198730      -14.4330130      0.648143172    
        8490   5.39464850E-07   1.83599854      -14.4326878      0.607588470    
        8500   5.42324244E-07   1.82000732      -14.4274015      0.598840535    
        8510   5.42211581E-07   1.84399414      -14.4276094      0.611933947    
        8520   5.41543045E-07   1.82800293      -14.4288435      0.603224099    
        8530   5.45196599E-07   1.85601807      -14.4221191      0.618433356    
        8540   5.42081409E-07   1.85198975      -14.4278498      0.616260588    
        8550   5.41913039E-07   1.86801147      -14.4281607      0.624874473    
        8560   5.40532199E-07   1.85598755      -14.4307117      0.618416905    
        8570   5.42683551E-07   1.87997437      -14.4267397      0.631258130    
        8580   5.44162276E-07   1.87997437      -14.4240179      0.631258130    
        8590   5.45772309E-07   1.89602661      -14.4210644      0.639760435    
        8600   5.43741862E-07   1.87197876      -14.4247913      0.626996040    
        8610   5.47706861E-07   1.89602661      -14.4175253      0.639760435    
        8620   5.45025102E-07   1.89999390      -14.4224339      0.641850650    
        8630   5.41113479E-07   1.91598511      -14.4296370      0.650231898    
        8640   5.48788137E-07   2.58398438      -14.4155531      0.949332535    
        8650   5.45025330E-07   1.93600464      -14.4224339      0.660626411    
        8660   5.47050718E-07   1.92401123      -14.4187241      0.654412210    
        8670   5.45776459E-07   1.94400024      -14.4210567      0.664747834    
        8680   5.45934256E-07   1.92398071      -14.4207668      0.654396355    
        8690   5.47598290E-07   1.95202637      -14.4177237      0.668868005    
        8700   5.42360169E-07   1.94400024      -14.4273357      0.664747834    
        8710   5.46653894E-07   1.96398926      -14.4194498      0.674977720    
        8720   5.44511408E-07   1.94799805      -14.4233770      0.666802227    
        8730   5.47620800E-07   1.97601318      -14.4176826      0.681081295    
        8740   5.49345543E-07   1.96398926      -14.4145384      0.674977720    
        8750   5.47555601E-07   1.99197388      -14.4178019      0.689126074    
        8760   5.48346634E-07   1.97201538      -14.4163580      0.679056048    
        8770   5.48127502E-07   1.99600220      -14.4167576      0.691146255    
        8780   5.47442141E-07   1.99600220      -14.4180088      0.691146255    
        8790   5.48329297E-07   2.01599121      -14.4163895      0.701111019    
        8800   5.48437697E-07   2.14398193      -14.4161921      0.762664795    
        8810   5.47466982E-07   2.01599121      -14.4179640      0.701111019    
        8820   5.48186847E-07   2.02398682      -14.4166498      0.705069244    
        8830   5.47687989E-07   2.04394531      -14.4175596      0.714881897    
        8840   5.48931098E-07   2.02001953      -14.4152927      0.703107178    
        8850   5.48253979E-07   2.06799316      -14.4165268      0.726578653    
        8860   5.51464552E-07   2.08001709      -14.4106884      0.732376099    
        8870   5.49047797E-07   2.08398438      -14.4150801      0.734281600    
        8880   5.50220193E-07   2.06799316      -14.4129477      0.726578653    
        8890   5.51568803E-07   2.09997559      -14.4104996      0.741925716    
        8900   5.47259788E-07   2.09997559      -14.4183426      0.741925716    
        8910   5.47754610E-07   2.11596680      -14.4174385      0.749511838    
        8920   5.47192428E-07   2.09600830      -14.4184656      0.740034699    
        8930   5.44599061E-07   2.11602783      -14.4232159      0.749540687    
        8940   5.48521768E-07   2.11999512      -14.4160385      0.751413763    
        8950   5.46632748E-07   2.12799072      -14.4194889      0.755178213    
        8960   5.47432478E-07   3.00805664      -14.4180269       1.10129428    
        8970   5.49004369E-07   2.24798584      -14.4151592      0.810034633    
        8980   5.50820403E-07   2.14398193      -14.4118567      0.762664795    
        8990   5.50319498E-07   2.15600586      -14.4127665      0.768257380    
        9000   5.50163691E-07   2.13995361      -14.4130497      0.760784149    
        9010   5.50180289E-07   2.17199707      -14.4130201      0.775647044    
        9020   5.48021831E-07   2.17199707      -14.4169512      0.775647044    
        9030   5.49724746E-07   2.18395996      -14.4138479      0.781139731    
        9040   5.49531421E-07   2.16400146      -14.4141998      0.771959066    
        9050   5.50941593E-07   2.19598389      -14.4116373      0.786630154    
        9060   5.49429046E-07   2.18798828      -14.4143858      0.782982528    
        9070   5.50215532E-07   2.20800781      -14.4129562      0.792090654    
        9080   5.49984975E-07   2.18804932      -14.4133749      0.783010423    
        9090   5.49022332E-07   2.31597900      -14.4151268      0.839832485    
        9100   5.48031039E-07   2.20800781      -14.4169340      0.792090654    
        9110   5.46411343E-07   2.22802734      -14.4198942      0.801116586    
        9120   5.48917797E-07   2.41998291      -14.4153175      0.883760452    
        9130   5.47829870E-07   2.25201416      -14.4173012      0.811824977    
        9140   5.50409766E-07   2.25201416      -14.4126024      0.811824977    
        9150   5.49511640E-07   2.25598145      -14.4142361      0.813585103    
        9160   5.51355129E-07   2.24798584      -14.4108868      0.810034633    
        9170   5.48009154E-07   2.27996826      -14.4169741      0.824161530    
        9180   5.48691219E-07   2.26403809      -14.4157295      0.817149997    
        9190   5.51117012E-07   2.28399658      -14.4113188      0.825926781    
        9200   5.48425362E-07   2.29205322      -14.4162149      0.829447985    
        9210   5.49793640E-07   2.30395508      -14.4137230      0.834627271    
        9220   5.50482525E-07   2.31201172      -14.4124708      0.838118017    
        9230   5.50195352E-07   2.34796143      -14.4129925      0.853547454    
        9240   5.48140576E-07   2.32000732      -14.4167337      0.841570377    
        9250   5.50707682E-07   2.35601807      -14.4120617      0.856972933    
        9260   5.48742264E-07   2.33996582      -14.4156370      0.850136340    
        9270   5.46976253E-07   2.34002686      -14.4188604      0.850162387    
        9280   5.46767183E-07   3.21203613      -14.4192429       1.16690505    
        9290   5.49761182E-07   2.36798096      -14.4137821      0.862037659    
        9300   5.45810849E-07   2.36401367      -14.4209938      0.860360861    
        9310   5.45100647E-07   2.37200928      -14.4222956      0.863737404    
        9320   5.48492153E-07   2.36798096      -14.4160929      0.862037659    
        9330   5.49177798E-07   2.43200684      -14.4148436      0.888716757    
        9340   5.48387504E-07   2.38403320      -14.4162836      0.868793666    
        9350   5.47125126E-07   2.41198730      -14.4185886      0.880451024    
        9360   5.46729041E-07   2.38000488      -14.4193125      0.867102504    
        9370   5.47994773E-07   2.41595459      -14.4169998      0.882094502    
        9380   5.47154343E-07   2.42004395      -14.4185352      0.883785725    
        9390   5.46780086E-07   2.44000244      -14.4192190      0.891999006    
        9400   5.46784804E-07   2.42797852      -14.4192104      0.887059033    
        9410   5.44774593E-07   2.44403076      -14.4228935      0.893648624    
        9420   5.46543106E-07   2.44403076      -14.4196529      0.893648624    
        9430   5.48523644E-07   2.45996094      -14.4160357      0.900145471    
        9440   5.45885371E-07   2.71594238      -14.4208565      0.999138951    
        9450   5.45665500E-07   2.47998047      -14.4212599      0.908250690    
        9460   5.45553632E-07   2.46801758      -14.4214649      0.903415203    
        9470   5.48552634E-07   2.49200439      -14.4159822      0.913087368    
        9480   5.45856722E-07   2.49200439      -14.4209089      0.913087368    
        9490   5.48517676E-07   2.56799316      -14.4160461      0.943124712    
        9500   5.45636112E-07   2.50799561      -14.4213133      0.919483900    
        9510   5.46936917E-07   2.69195557      -14.4189320      0.990267873    
        9520   5.46858473E-07   2.79602051      -14.4190760       1.02819717    
        9530   5.46212505E-07   2.58801270      -14.4202576      0.950890303    
        9540   5.43545070E-07   2.55999756      -14.4251528      0.940006316    
        9550   5.45372927E-07   2.54797363      -14.4217958      0.935298383    
        9560   5.47291734E-07   2.52795410      -14.4182835      0.927410305    
        9570   5.46045555E-07   2.55999756      -14.4205637      0.940006316    
        9580   5.45061653E-07   2.57202148      -14.4223671      0.944692135    
        9590   5.44057400E-07   2.57598877      -14.4242115      0.946233451    
        9600   5.44722582E-07   3.66003418      -14.4229889       1.29747248    
        9610   5.43634826E-07   2.58801270      -14.4249878      0.950890303    
        9620   5.45789817E-07   2.59600830      -14.4210320      0.953974962    
        9630   5.42258022E-07   2.59997559      -14.4275236      0.955502033    
        9640   5.45793625E-07   2.58801270      -14.4210253      0.950890303    
        9650   5.42070552E-07   2.61602783      -14.4278698      0.961657047    
        9660   5.44762145E-07   2.61199951      -14.4229164      0.960116029    
        9670   5.40237352E-07   2.73199463      -14.4312572       1.00503194    
        9680   5.40627241E-07   2.63604736      -14.4305363      0.969280601    
        9690   5.44031082E-07   2.66400146      -14.4242592      0.979829311    
        9700   5.42221699E-07   2.65997314      -14.4275913      0.978316009    
        9710   5.44911302E-07   2.67602539      -14.4226427      0.984332621    
        9720   5.45134583E-07   2.69201660      -14.4222336      0.990290582    
        9730   5.43187468E-07   2.70001221      -14.4258118      0.993256330    
        9740   5.41631266E-07   2.70800781      -14.4286804      0.996213198    
        9750   5.40802091E-07   2.73199463      -14.4302120       1.00503194    
        9760   5.45083537E-07   2.98400879      -14.4223270       1.09326768    
        9770   5.41132977E-07   2.72399902      -14.4296007       1.00210106    
        9780   5.40874623E-07   2.79602051      -14.4300785       1.02819717    
        9790   5.38547624E-07   2.76397705      -14.4343901       1.01667058    
        9800   5.40052611E-07   2.72802734      -14.4315996       1.00357878    
        9810   5.38319512E-07   2.77197266      -14.4348135       1.01955914    
        9820   5.39121856E-07   2.73199463      -14.4333239       1.00503194    
        9830   5.40600411E-07   2.80004883      -14.4305859       1.02963686    
        9840   5.38411086E-07   2.74798584      -14.4346437       1.01086819    
        9850   5.40350015E-07   2.83197021      -14.4310484       1.04097271    
        9860   5.41693623E-07   2.78802490      -14.4285650       1.02533340    
        9870   5.40272481E-07   2.79199219      -14.4311924       1.02675533    
        9880   5.39088205E-07   2.76000977      -14.4333868       1.01523423    
        9890   5.40825226E-07   2.80798340      -14.4301701       1.03246665    
        9900   5.41132522E-07   2.79199219      -14.4296017       1.02675533    
        9910   5.41508655E-07   2.82403564      -14.4289064       1.03816700    
        9920   5.36278208E-07   3.86401367      -14.4386129       1.35170650    
        9930   5.40961366E-07   2.84802246      -14.4299183       1.04662490    
        9940   5.38138011E-07   2.82800293      -14.4351511       1.03957081    
        9950   5.39046937E-07   2.85601807      -14.4334631       1.04942834    
        9960   5.37065034E-07   2.83996582      -14.4371462       1.04379201    
        9970   5.38165580E-07   2.90399170      -14.4350996       1.06608629    
        9980   5.38280688E-07   2.87194824      -14.4348860       1.05499065    
        9990   5.36539574E-07   2.91998291      -14.4381256       1.07157779    
       10000   5.37395294E-07   2.88000488      -14.4365320       1.05779195    
